from getTraj import *

#Earth:
epch1 = 2451545.0
a1  = 1.00000011 
e1  = 0.01671022 
i1  = -1.5310000000000001e-05 
om1 = 0 
w1  = 102.93768193 
ma1 = 357.52688972999999 

#Mars:
epch2 = 2451545.0
a2  = 1.52371034
e2  = 0.09339410
i2  = 1.84969142
om2 = 49.55953891
w2  = -73.5031685
ma2 = 19.39019754

K1 = [epch1,a1, e1, i1, om1, w1, ma1, 1, 1, 1]
K2 = [epch2,a2, e2, i2, om2, w2, ma2, 1, 1, 1]

[t, x, y, z] = getTraj(K1, K2, 2456875, 2456876, 1000)


